32 0.49609375 0.32109375 0.0546875 0.103125
5 0.06640625 0.1203125 0.06796875 0.0921875
12 0.16328125 0.80078125 0.04140625 0.1015625
12 0.2328125 0.80546875 0.03828125 0.1
14 0.25234375 0.209375 0.0625 0.13671875
14 0.86484375 0.14453125 0.0828125 0.171875
14 0.434375 0.1078125 0.10078125 0.21484375
26 0.228125 0.88359375 0.40234375 0.228125
26 0.73125 0.82890625 0.3765625 0.3375
26 0.19765625 0.68828125 0.3265625 0.24375
19 0.58515625 0.1203125 0.03984375 0.0921875
9 0.33984375 0.409375 0.121875 0.334375
7 0.0984375 0.37578125 0.15546875 0.396875