32 0.58515625 0.0703125 0.0671875 0.140625
17 0.865625 0.3703125 0.0609375 0.075
17 0.6171875 0.38359375 0.06875 0.0875
8 0.13046875 0.5046875 0.146875 0.2671875
18 0.4203125 0.7890625 0.1109375 0.140625
18 0.31640625 0.634375 0.109375 0.115625
18 0.40234375 0.65703125 0.103125 0.1390625
18 0.38515625 0.49296875 0.0546875 0.078125
18 0.5046875 0.62421875 0.0875 0.1375
18 0.2296875 0.759375 0.121875 0.2015625
18 0.7125 0.59921875 0.0671875 0.0828125
18 0.81640625 0.6765625 0.084375 0.1109375
19 0.53125 0.78828125 0.059375 0.08125
19 0.1328125 0.90078125 0.1109375 0.090625
19 0.42265625 0.8234375 0.0890625 0.071875
19 0.32109375 0.66171875 0.0546875 0.0578125
19 0.3875 0.50703125 0.034375 0.04375
19 0.503125 0.66328125 0.0515625 0.05625
19 0.26640625 0.87421875 0.08125 0.0671875
19 0.228125 0.8125 0.084375 0.096875