23 0.96484375 0.64765625 0.06640625 0.128125
32 0.58671875 0.40859375 0.115625 0.07578125
32 0.42265625 0.40703125 0.115625 0.07578125
3 0.52421875 0.8171875 0.259375 0.29140625
3 0.5203125 0.58046875 0.0796875 0.03828125
3 0.32890625 0.71640625 0.1578125 0.2375
2 0.51953125 0.79453125 0.953125 0.24140625
14 0.503125 0.3390625 0.1859375 0.3375
14 0.959375 0.55546875 0.078125 0.084375
26 0.51484375 0.73125 0.4046875 0.2703125
18 0.9125 0.46484375 0.109375 0.1265625
18 0.0734375 0.4765625 0.146875 0.21171875
19 0.5109375 0.62109375 0.0765625 0.02421875