23 0.74453125 0.52734375 0.50625 0.84375
32 0.09921875 0.16875 0.1328125 0.27109375
32 0.47734375 0.11875 0.0890625 0.2375
32 0.62265625 0.10390625 0.07578125 0.2078125
32 0.30234375 0.115625 0.10859375 0.21953125
32 0.74765625 0.09921875 0.06484375 0.1984375
4 0.5109375 0.534375 0.1 0.06328125
12 0.41171875 0.46953125 0.0453125 0.15625
26 0.50625 0.56328125 0.30859375 0.22890625
13 0.49921875 0.5 0.99765625 0.99375
16 0.78671875 0.5328125 0.16953125 0.2046875
16 0.70859375 0.42890625 0.13515625 0.23828125
16 0.2078125 0.42734375 0.07578125 0.1625