29 0.03359375 0.54453125 0.0515625 0.15703125
23 0.68984375 0.77421875 0.6171875 0.4453125
8 0.13125 0.478125 0.05546875 0.5578125
3 0.19921875 0.69453125 0.12890625 0.24921875
20 0.4546875 0.9109375 0.32578125 0.171875
20 0.19375 0.78359375 0.19609375 0.0953125
14 0.51171875 0.5046875 0.04765625 0.10703125
14 0.0578125 0.5 0.0359375 0.240625
26 0.07265625 0.7375 0.14453125 0.2875
18 0.49765625 0.72578125 0.0671875 0.13359375
19 0.50078125 0.7609375 0.0296875 0.06796875
7 0.04921875 0.82890625 0.0984375 0.3359375
16 0.92890625 0.74609375 0.1390625 0.240625