23 0.0421875 0.696875 0.05625 0.14375
32 0.3921875 0.37578125 0.1375 0.1015625
32 0.56953125 0.34609375 0.1375 0.1015625
3 0.53046875 0.80859375 0.33125 0.3609375
3 0.49375 0.55078125 0.09375 0.05625
3 0.72421875 0.66484375 0.2125 0.284375
2 0.51484375 0.78125 0.9703125 0.41875
14 0.471875 0.28515625 0.259375 0.396875
14 0.0328125 0.5953125 0.0609375 0.0984375
26 0.52578125 0.71328125 0.4859375 0.3625
18 0.059375 0.49140625 0.11875 0.1546875
18 0.93203125 0.36484375 0.1359375 0.2453125
19 0.51171875 0.59296875 0.0875 0.0390625