23 0.6265625 0.6734375 0.33984375 0.1796875
23 0.7453125 0.8328125 0.4546875 0.3296875
27 0.4078125 0.5859375 0.053125 0.265625
3 0.4609375 0.62109375 0.06015625 0.12890625
20 0.3796875 0.88359375 0.3375 0.228125
31 0.32109375 0.3671875 0.16015625 0.5
31 0.1078125 0.334375 0.215625 0.625
14 0.84296875 0.60234375 0.115625 0.2171875
14 0.2203125 0.56875 0.05703125 0.12890625
14 0.490625 0.55390625 0.0234375 0.0609375
26 0.24375 0.68046875 0.10390625 0.146875
18 0.37890625 0.4078125 0.19296875 0.28125
18 0.0296875 0.65234375 0.05859375 0.14453125
19 0.48046875 0.365625 0.03125 0.05078125
7 0.46796875 0.45625 0.0921875 0.134375