32 0.73203125 0.246875 0.0859375 0.1203125
32 0.478125 0.2234375 0.0859375 0.121875
32 0.3484375 0.20859375 0.0875 0.125
32 0.60703125 0.23359375 0.0890625 0.125
3 0.6 0.4828125 0.121875 0.2234375
3 0.45390625 0.465625 0.1140625 0.2140625
11 0.5 0.671875 1 0.65625
26 0.32265625 0.8296875 0.5953125 0.340625
26 0.76171875 0.84375 0.4328125 0.3125
26 0.27578125 0.59140625 0.3484375 0.2265625
26 0.809375 0.659375 0.3734375 0.2640625
26 0.96484375 0.5484375 0.0703125 0.2
9 0.0828125 0.2796875 0.165625 0.48125
7 0.93984375 0.35703125 0.1203125 0.4546875