32 0.47109375 0.30234375 0.0671875 0.1140625
5 0.01953125 0.1296875 0.0390625 0.103125
12 0.16484375 0.83828125 0.053125 0.1109375
12 0.23828125 0.8375 0.05 0.109375
14 0.20390625 0.20703125 0.078125 0.15
14 0.8421875 0.08828125 0.103125 0.1765625
14 0.38828125 0.10234375 0.121875 0.1953125
26 0.24296875 0.890625 0.4359375 0.21875
26 0.76484375 0.8078125 0.4265625 0.3734375
26 0.190625 0.7171875 0.365625 0.2875
19 0.54609375 0.08203125 0.05 0.1
9 0.3140625 0.409375 0.159375 0.3625
7 0.078125 0.39453125 0.15625 0.4296875