32 0.553125 0.4875 0.0765625 0.178125
32 0.13203125 0.56171875 0.2640625 0.6015625
10 0.578125 0.57109375 0.028125 0.0328125
8 0.07109375 0.39296875 0.1171875 0.1953125
3 0.14375 0.828125 0.24375 0.34375
3 0.40546875 0.82265625 0.2015625 0.3546875
2 0.30390625 0.8921875 0.5890625 0.215625
14 0.29375 0.30546875 0.1421875 0.3828125
26 0.2734375 0.8296875 0.3109375 0.325
7 0.4921875 0.4234375 0.103125 0.2046875
7 0.86484375 0.42890625 0.0703125 0.1625
7 0.78125 0.409375 0.10625 0.0953125
7 0.69765625 0.45 0.075 0.1359375
7 0.51171875 0.7015625 0.1125 0.184375
7 0.60859375 0.4546875 0.0421875 0.13125