32 0.3765625 0.07890625 0.05546875 0.1390625
17 0.12421875 0.40234375 0.05546875 0.0703125
17 0.3734375 0.39453125 0.06171875 0.08203125
8 0.86875 0.47265625 0.12421875 0.2578125
18 0.6046875 0.78125 0.09921875 0.1328125
18 0.69453125 0.61796875 0.10078125 0.1078125
18 0.6109375 0.64765625 0.0921875 0.13125
18 0.6140625 0.4828125 0.0484375 0.07421875
18 0.50625 0.62421875 0.07578125 0.13125
18 0.7921875 0.73515625 0.10546875 0.19375
18 0.296875 0.6171875 0.06015625 0.078125
18 0.2 0.703125 0.075 0.10546875
19 0.49375 0.78984375 0.05234375 0.0765625
19 0.90078125 0.8671875 0.10390625 0.08203125
19 0.60546875 0.815625 0.08359375 0.0640625
19 0.6921875 0.6453125 0.05 0.053125
19 0.6125 0.496875 0.03046875 0.040625
19 0.5109375 0.66328125 0.046875 0.053125
19 0.765625 0.85234375 0.07578125 0.0609375
19 0.7984375 0.7875 0.07734375 0.08984375