32 0.01953125 0.48125 0.0390625 0.415625
32 0.58359375 0.46484375 0.06484375 0.16015625
32 0.1921875 0.51953125 0.2328125 0.54296875
10 0.60390625 0.5421875 0.025 0.0296875
8 0.1453125 0.36328125 0.1015625 0.17578125
3 0.1984375 0.8046875 0.21171875 0.38671875
3 0.4375 0.803125 0.17265625 0.390625
2 0.30625 0.86796875 0.60703125 0.259375
14 0.3515625 0.28984375 0.11796875 0.3453125
26 0.31640625 0.76875 0.27421875 0.2875
7 0.52890625 0.4046875 0.08828125 0.18359375
7 0.8703125 0.42109375 0.05859375 0.146875
7 0.79453125 0.4015625 0.09375 0.084375
7 0.71640625 0.4359375 0.06484375 0.12109375
7 0.5390625 0.659375 0.09765625 0.165625
7 0.63515625 0.43671875 0.03515625 0.11875