23 0.35078125 0.69140625 0.4 0.2578125
23 0.28046875 0.83203125 0.4921875 0.3359375
27 0.5703125 0.55546875 0.1078125 0.296875
3 0.51953125 0.603125 0.0890625 0.15
20 0.6546875 0.85703125 0.403125 0.2859375
31 0.621875 0.30234375 0.2671875 0.56875
31 0.8390625 0.29140625 0.321875 0.5828125
14 0.1046875 0.65546875 0.165625 0.25625
14 0.76875 0.5 0.0859375 0.15
14 0.475 0.5359375 0.0375 0.0703125
26 0.76484375 0.62578125 0.140625 0.178125
18 0.56796875 0.3578125 0.2609375 0.3390625
18 0.97265625 0.5546875 0.0546875 0.165625
19 0.44921875 0.33125 0.04375 0.0609375
7 0.48046875 0.4265625 0.125 0.1625