32 0.63984375 0.21875 0.06640625 0.1015625
32 0.41015625 0.221875 0.06796875 0.103125
32 0.29296875 0.2203125 0.06796875 0.10546875
32 0.5265625 0.21875 0.06875 0.10546875
3 0.54375 0.4421875 0.08984375 0.19375
3 0.41171875 0.440625 0.08359375 0.1859375
11 0.5 0.684375 0.99453125 0.6234375
26 0.3296875 0.8234375 0.51015625 0.3453125
26 0.76875 0.81171875 0.44921875 0.36875
26 0.2640625 0.56953125 0.296875 0.1734375
26 0.7546875 0.58125 0.3296875 0.2046875
26 0.92578125 0.4671875 0.14609375 0.17578125
9 0.0578125 0.309375 0.115625 0.4234375
7 0.87109375 0.29609375 0.13515625 0.4